8854274
8863982
8897470
8920306
9117670
9012966
9048725
8816427
8734709
8565876
8573104
8501685
8513919
8513773
8597742
8551595
8636933
8595580
8661368
8608227
8692196
8653736
8779708
8688028
8801306
8756833
8854212
8782391
8813910
8755195
8776557
8685329
8707638
8579504
8552529
8429728
8488663
9097489
9344500
9382865
9250196
9044013
9113884
9061588
9110004
9032791
9100416
9041178
9190212
9174372
9294809
9292621
9407723
9426598
9542122
9248656
9209326
8954568
8964312
8882438
8899116
8855827
8906612
8799558
8882838
8845337
8926401
8888526
8997725
8977966
9117582
9039601
9186572
9101273
9172525
9113766
9197850
9128297
9243314
9174283
9214687
8978162
8978678
8878378
8901067
8878247
8940085
8911478
8941716
8874012
8888966
8864817
8924072
8933541
9082823
9071571
9211502
9200535
9308503
9265895
9354993
9268114
8691452
8285157
8244314
7999594
8421764
8647694
8678739
8612696
8651874
8633830
8743195
8695917
8754411
8693907
8779895
8771547
8907783
8842128
8958450
8799363
8977353
8926585
8908853
8350241
8170852
7793579
7798937
7520108
7597918
7842134
8149928
8104546
8164665
8104664
8141630
8135391
8258759
8198023
8328225
8301855
8432929
8370691
8507992
8351965
8471428
8395772
8561379
8471419
8585861
8488739
8481981
7690401
7587985
7372948
7923627
7993769
8048379
7976107
8005780
7967692
8013683
7972445
8075266
8041715
8192659
8148302
8300020
8198096
8312645
8233766
8345069
8275179
8410367
8250329
7668466
7238568
7227344
7135751
7671169
7698075
7767479
7591232
7612672
7620539
7696115
7601898
7626981
7599885
7655834
7628097
7752743
7735610
7923335
7852444
7977268
7911444
8105943
7995382
8106142
8001541